Avg_MHz	Busy%	PkgTmp	PkgWatt
574	33.17	70	54.08
555	30.62	71	51.73
507	29.15	70	56.82
509	29.90	71	58.04
524	30.26	71	59.09
506	29.05	71	59.73
480	30.00	72	58.14
424	27.81	72	55.02
490	31.32	71	58.16
515	31.06	72	59.80
528	31.89	72	58.81
466	27.90	71	57.17
563	33.26	72	62.50
539	30.08	72	61.65
548	30.29	71	61.00
524	30.08	73	60.36
488	28.80	72	54.05
511	30.18	72	64.07
545	31.14	72	60.70
628	33.13	73	65.44
566	29.98	72	64.90
511	29.76	72	60.30
542	30.75	72	61.07
517	30.66	73	59.48
494	29.80	72	58.59
464	29.31	72	46.28
545	31.22	72	78.88
588	31.18	72	63.69
560	30.65	72	62.94
674	35.62	72	68.32
579	30.89	71	64.31
582	31.59	71	66.25
583	30.90	72	65.08
535	30.00	72	61.32
516	29.84	73	59.81
462	28.81	72	56.76
550	32.08	71	64.43
585	31.60	72	65.48
552	30.43	73	64.32
618	33.53	73	65.41
612	32.61	72	66.63
690	32.83	72	71.61
691	31.91	72	73.92
656	32.12	73	71.86
547	29.96	71	66.30
572	31.31	72	63.96
586	31.06	72	65.36
606	31.43	72	66.66
582	30.47	72	64.58
610	33.20	72	64.86
452	28.76	72	57.24
529	31.46	72	61.12
517	30.30	73	60.70
489	29.19	73	58.61
487	29.56	73	58.70
490	29.76	72	58.38
504	29.22	72	59.80
590	31.12	72	65.11
541	29.68	73	64.61
588	33.12	72	63.60
559	31.18	72	62.46
589	31.28	73	63.80
521	29.54	73	61.33
542	30.95	73	59.87
539	30.20	73	52.90
584	31.37	72	78.84
592	31.59	73	63.95
542	28.87	72	62.76
567	32.14	72	64.04
577	32.26	73	63.08
504	29.49	73	59.04
450	28.35	73	57.59
535	33.35	72	61.10
608	31.41	73	66.84
596	30.12	73	66.65
460	28.68	73	57.75
521	31.23	72	48.57
567	30.72	73	56.99
584	30.56	73	55.41
560	34.29	72	49.95
562	31.44	73	54.72
591	30.83	72	66.40
640	31.83	72	69.29
586	30.84	73	64.41
552	30.31	72	61.43
542	30.65	73	61.77
573	29.91	72	63.82
517	29.32	72	61.47
608	31.97	72	65.01
611	32.92	72	65.91
611	31.57	72	67.19
524	29.63	73	63.67
571	32.34	73	62.29
553	30.64	73	61.90
454	27.65	72	57.13
450	29.37	74	49.48
507	30.47	73	47.32
526	30.17	72	49.11
510	29.30	73	47.98
503	32.18	72	44.81
532	30.57	73	48.93
561	30.84	72	50.74
524	30.51	72	48.13
505	29.68	73	59.08
610	31.59	74	63.15
507	28.94	74	52.35
516	30.63	73	47.92
501	30.08	73	47.55
545	30.57	72	56.56
557	32.58	72	63.81
576	30.27	73	64.27
520	30.17	73	59.99
530	30.61	72	60.19
499	29.35	72	59.39
450	28.73	72	56.38
487	30.41	72	58.50
521	30.19	73	60.96
491	29.17	72	59.51
453	29.38	73	57.26
513	32.01	72	52.15
596	31.30	72	52.21
582	30.31	72	53.11
522	30.48	73	59.69
560	30.67	72	61.02
604	32.29	73	67.30
642	31.46	71	56.80
655	30.20	73	66.00
633	30.50	72	66.19
566	29.93	72	61.64
622	34.19	72	65.58
548	29.44	73	62.58
559	30.51	72	52.96
561	31.82	72	50.52
526	29.66	71	49.13
457	30.51	72	42.92
642	32.19	72	71.74
676	32.52	72	69.55
668	31.96	72	69.47
640	31.78	72	66.64
564	32.68	73	61.62
528	30.91	73	60.11
618	32.38	72	65.74
635	32.00	72	68.39
595	31.32	72	67.95
663	31.88	73	70.66
671	30.91	73	72.10
631	30.31	72	66.66
651	30.54	72	68.68
531	29.95	72	60.72
566	30.64	72	62.94
567	31.15	72	62.19
593	31.14	72	65.24
515	29.35	72	60.76
478	29.38	72	57.78
542	31.16	73	60.57
595	31.01	72	64.03
570	31.13	73	62.47
469	30.07	72	50.40
673	32.40	72	76.02
573	30.89	71	62.72
604	30.71	72	65.75
588	31.78	73	66.12
603	29.60	73	66.94
613	31.03	72	64.43
626	32.10	72	65.59
521	29.34	72	61.13
557	30.83	72	61.55
527	30.04	72	61.59
630	34.14	72	66.30
538	29.63	73	63.15
578	29.95	72	63.35
588	31.24	72	62.91
506	29.13	72	60.12
572	30.42	72	62.13
629	30.87	72	66.57
631	31.32	73	68.19
667	31.19	72	71.36
605	29.53	72	68.11
626	34.24	73	65.40
595	31.48	72	68.81
496	32.50	72	50.34
726	30.05	73	87.89
576	31.19	72	64.50
577	30.85	72	65.04
610	30.72	72	66.74
582	30.56	72	63.61
590	31.01	72	64.75
591	31.68	73	64.22
556	32.33	73	63.76
589	31.90	73	66.20
604	30.95	73	68.67
462	25.11	72	55.58
311	14.72	72	43.10
301	15.00	71	41.07
306	14.91	73	52.56
279	14.89	73	51.25
198	12.25	71	40.87
307	17.34	71	59.60
289	15.97	72	51.94
284	14.45	71	41.43
295	15.72	72	49.22
276	14.46	71	50.92
308	15.55	72	52.30
287	14.42	72	51.72
275	14.73	71	50.77
306	15.15	73	52.14
261	14.26	72	51.05
338	18.41	73	53.08
318	15.53	72	54.19
309	15.02	71	52.61
311	15.13	72	52.66
269	13.92	72	51.02
283	15.14	71	50.96
307	15.12	71	52.24
308	14.98	73	52.56
301	14.73	71	52.28
274	14.39	72	50.56
331	17.16	71	52.73
322	15.98	72	53.25
257	13.99	71	46.74
293	16.05	72	41.31
264	14.58	71	40.36
301	14.73	71	51.22
235	13.77	71	49.62
287	15.75	72	45.37
295	15.00	71	40.22
275	14.70	71	50.84
261	15.85	71	50.32
279	16.10	72	50.92
260	14.89	71	47.07
269	15.21	71	39.13
219	14.26	71	32.55
289	15.32	71	40.07
294	14.79	71	40.55
297	14.63	71	51.91
224	13.01	71	42.62
324	18.20	71	59.28
372	18.04	71	51.12
340	15.17	71	56.91
294	14.08	72	52.75
241	14.42	72	49.32
304	16.97	71	42.60
332	15.15	72	50.11
274	14.31	72	52.04
277	14.81	71	43.62
223	14.18	70	34.31
272	15.83	71	36.30
327	17.02	71	43.36
303	15.14	71	48.05
299	14.72	71	51.87
270	14.14	71	50.82
269	14.61	72	50.53
298	14.82	71	51.84
274	14.82	72	50.99
263	14.74	71	45.96
255	14.35	70	37.36
305	15.66	71	40.68
332	17.08	71	49.34
271	14.85	71	51.44
252	14.84	72	49.76
255	14.67	71	47.33
265	15.21	70	38.78
236	14.21	70	35.90
278	15.30	70	38.42
282	14.85	72	39.75
255	14.66	70	36.21
240	14.15	70	36.07
323	17.63	71	40.74
306	15.26	71	52.00
279	14.76	71	50.86
228	14.24	70	43.13
292	15.47	70	40.18
294	14.84	70	40.56
294	14.84	70	40.35
262	15.18	69	38.93
241	14.48	69	34.84
297	14.96	69	40.48
328	17.07	69	46.73
280	15.30	70	52.33
321	16.37	71	54.36
307	14.49	70	53.76
302	14.66	69	52.25
