Avg_MHz	Busy%	PkgTmp	PkgWatt
542	32.40	70	56.02
551	30.98	69	49.04
584	30.62	70	52.95
595	30.91	70	63.32
559	27.13	69	64.31
524	27.91	69	60.38
542	28.04	70	60.75
538	28.72	70	59.74
500	29.54	70	58.19
541	31.63	70	59.37
542	32.15	70	49.82
487	29.84	69	45.22
496	29.87	69	48.17
566	30.76	69	49.21
549	29.97	70	48.98
499	29.36	70	46.15
509	30.27	70	46.68
508	30.42	70	46.17
524	30.53	70	47.30
577	31.18	70	50.99
565	32.75	69	55.74
539	31.11	70	54.05
553	29.81	70	54.20
532	29.06	71	49.28
548	29.71	71	52.23
535	30.72	71	59.68
492	30.38	71	57.41
490	29.69	70	55.33
512	30.65	70	48.27
515	30.17	70	57.66
567	32.66	70	60.51
497	29.70	72	56.59
549	30.92	71	61.41
510	29.64	70	58.67
514	29.77	70	58.22
527	30.59	71	59.84
523	30.68	71	59.35
515	29.86	72	58.82
584	32.35	71	61.62
589	30.63	72	63.52
557	32.24	72	60.95
543	30.85	71	60.34
568	30.33	72	61.99
534	29.73	71	59.84
567	30.64	72	62.27
583	30.41	72	63.05
551	30.04	72	61.54
516	28.38	72	60.60
562	31.54	72	61.04
593	30.40	71	64.07
568	32.71	71	61.03
553	31.06	72	60.79
569	30.31	71	61.98
535	29.21	72	61.17
545	30.25	72	60.66
559	29.89	72	61.59
561	30.55	73	61.66
551	30.27	72	60.87
517	30.28	72	59.51
500	29.41	73	58.09
590	32.81	73	62.48
563	31.31	72	62.41
524	29.62	72	59.52
494	29.31	72	61.29
514	29.75	73	58.07
505	30.09	72	57.61
503	29.54	72	57.59
499	29.55	72	59.02
515	30.64	72	57.91
490	29.56	72	57.47
524	31.71	73	58.53
494	29.88	72	57.58
498	29.89	72	57.83
549	30.93	72	60.05
499	28.52	73	59.05
497	29.60	73	58.91
534	30.05	73	59.46
582	30.39	72	63.58
553	29.63	72	62.55
574	31.40	73	62.31
527	31.04	72	62.14
491	30.54	72	58.42
498	30.83	72	50.89
548	32.61	72	50.92
557	30.61	72	52.62
552	30.82	72	53.06
616	32.04	73	66.29
626	32.26	72	66.85
625	31.72	73	68.84
651	31.14	73	69.18
559	31.30	73	64.15
527	30.55	73	62.66
577	30.82	73	65.06
599	30.53	73	64.26
603	31.64	73	60.48
527	29.25	73	62.02
546	29.80	73	61.75
567	30.55	73	62.46
544	30.14	73	60.17
525	30.18	73	59.81
577	31.60	73	60.78
569	30.95	74	54.87
580	30.63	73	51.15
588	29.96	73	64.61
600	31.16	74	66.54
589	29.72	74	65.70
569	29.57	75	63.87
512	30.54	74	59.24
529	30.92	73	49.81
495	29.93	73	47.68
545	32.06	73	47.91
507	30.55	73	47.92
496	29.84	73	47.42
547	31.47	73	49.99
517	30.41	73	48.04
548	31.06	74	49.56
569	30.55	73	51.76
530	30.25	73	55.75
518	30.19	73	60.34
507	29.87	74	58.88
547	31.87	74	60.41
539	30.78	74	61.03
508	29.82	74	59.66
561	29.82	74	63.43
534	30.40	74	61.18
521	30.17	74	60.41
557	31.01	74	61.16
579	30.52	74	64.42
637	31.27	73	61.07
594	30.28	74	62.25
607	31.87	74	54.46
540	30.27	74	49.92
534	29.96	74	49.03
556	30.02	73	51.08
516	29.51	74	52.75
508	30.46	73	48.28
552	30.71	73	50.77
556	31.12	73	53.32
606	32.02	73	64.93
612	30.55	74	66.82
610	31.90	73	65.98
612	31.99	73	65.18
560	30.61	73	62.90
560	30.03	74	61.77
570	30.38	75	64.75
572	30.42	74	66.08
595	31.76	73	64.47
591	31.13	74	64.54
557	31.06	74	62.48
574	30.77	74	63.47
641	32.59	74	66.20
589	30.78	74	65.32
520	29.62	74	61.50
517	30.05	73	60.43
525	30.25	73	60.21
535	30.25	74	61.19
565	30.35	73	63.09
571	30.46	73	62.65
620	31.65	74	65.07
596	28.85	73	64.71
552	31.04	73	60.70
587	32.15	73	62.67
615	32.49	73	64.68
556	30.62	73	62.30
568	30.35	73	62.82
533	28.86	74	57.13
608	30.28	73	67.35
580	30.72	73	62.22
587	30.99	73	62.41
560	30.00	74	61.95
610	32.70	74	64.03
558	31.02	73	62.48
532	30.28	74	61.09
514	29.80	74	59.98
531	30.77	74	60.12
642	30.72	73	67.39
523	27.30	74	61.87
494	29.40	73	58.72
561	31.32	73	61.24
539	30.12	73	60.80
537	31.18	74	59.99
511	30.79	73	59.46
526	30.62	74	59.92
595	30.72	74	64.57
579	29.75	74	65.11
576	29.71	74	66.43
573	30.48	73	64.88
595	30.30	74	66.37
635	30.91	74	68.41
566	29.41	73	63.61
543	30.57	74	61.16
535	30.25	74	60.34
501	29.65	74	58.00
446	25.30	74	58.50
337	15.47	74	57.09
341	15.21	74	57.57
338	15.13	74	57.38
327	15.57	74	56.46
353	16.55	75	57.33
346	15.47	74	57.63
354	16.08	75	58.04
309	15.61	74	54.58
285	14.92	74	51.78
269	15.04	73	49.50
297	15.22	73	41.56
311	16.81	73	44.49
344	15.86	73	57.25
346	15.58	73	57.56
350	16.02	73	57.73
312	14.33	74	54.70
315	15.90	74	52.86
322	16.57	74	52.83
304	15.10	73	52.09
299	14.94	73	52.46
304	15.08	73	52.07
305	15.12	73	52.54
305	15.20	73	52.41
298	14.90	74	52.16
310	15.61	73	52.50
305	15.13	73	52.28
308	15.52	73	52.19
316	16.51	73	52.52
307	15.28	73	52.73
304	15.14	73	52.29
300	15.00	72	51.88
303	15.10	72	52.58
305	15.16	73	52.33
304	15.13	73	52.07
306	15.51	73	52.48
306	15.22	72	52.41
306	15.28	72	52.31
332	17.16	73	52.98
298	14.87	73	52.04
306	15.12	73	52.71
308	15.20	73	52.43
308	14.96	73	53.28
300	14.68	73	52.66
306	14.93	73	52.50
318	15.76	73	53.48
307	14.94	73	52.95
300	14.74	73	52.66
328	16.74	73	53.42
312	15.36	73	53.10
307	14.91	72	53.06
301	14.80	73	52.56
307	15.32	72	52.26
308	14.91	73	52.64
307	14.90	73	52.65
300	14.90	73	52.37
313	15.64	72	52.60
310	15.15	72	52.68
325	16.41	72	52.90
310	15.47	72	52.78
307	15.10	72	52.23
307	14.86	72	52.29
306	14.87	72	52.17
299	14.70	73	51.94
306	14.99	73	52.26
307	15.07	72	52.19
312	15.48	72	52.37
293	15.29	72	49.87
349	17.44	72	56.95
320	15.74	72	53.23
308	15.00	72	52.65
301	14.77	72	52.23
307	15.07	72	52.18
307	15.06	72	52.14
307	15.05	73	51.94
299	15.24	73	51.91
311	15.76	73	52.33
309	15.21	72	52.12
331	17.02	72	52.69
308	15.74	72	52.01
307	15.13	72	52.19
307	14.95	72	52.48
306	14.98	72	52.27
298	15.03	72	51.85
307	15.26	72	52.13
307	15.12	73	52.13
315	15.68	72	52.37
300	14.89	72	51.89
329	16.78	73	52.79
319	15.81	72	52.98
308	14.99	72	52.48
298	16.11	72	49.17
359	16.24	72	60.29
347	15.54	72	57.02
347	15.53	72	57.18
324	14.43	73	55.37
315	15.47	72	52.83
308	14.96	73	52.42
320	16.06	72	52.72
